-440
-189
947
-189
-776
-882
-779
-101
1000
625
-378
671
568
-353
-993
-755
825
-895
165
790
371
39
-923
871
282
-749
628
-383
-12
-612
-330
-559
-67
947
376
-753
60
271
67
-380
-439
767
-576
680
-792
-91
320
-173
-841
-746
98
-427
81
556
-392
-297
-743
-82
-950
-569
-27
603
921
58
-135
-811
128
298
308
-850
-417
-974
481
-141
-440
882
208
50
388
-556
-282
-14
20
685
-844
415
-942
-807
509
-999
-998
323
-497
602
-943
-471
912
-687
807
328
64
909
-746
347
-997
350
-123
-832
-180
736
-344
-302
-120
352
-292
989
-547
-269
768
760
-771
-397
-380
56
-277
138
-987
15
522
902
110
195
-802
873
-221
930
-976
491
-942
-324
80
59
-216
-435
-581
-287
524
584
-648
-951
790
-822
766
-876
-866
-365
50
147
420
-454
-199
841
-936
-5
604
55
-184
-12
-661
-163
624
533
-712
-705
-616
626
-986
-269
-86
-935
-492
-154
135
602
359
525
-895
-937
427
-761
375
519
-506
-180
288
-429
-554
395
983
-143
